-11.75
-3.37
-42.35
-64.82
-42.16
-3.01
-32.54
-44.76
-57.34
-36.98
-62.6
-13.89
-55.1
-16.38
-50.67
-41.4
-25.59
-61.71
-37.8
-34.61
-23.01
-0.93
-39.3
-41.76
-64.47
-24.59
-41.78
-64.73
-36.06
-22.48
-44.88
-17.71
-50.8
-17.91
-11.04
-53.83
-11.02
-7.59
-4.08
-3.87
-46.36
-44.13
-26.69
-54.92
-34.58
-14.93
-41.8
-50.09
-22.38
-47.28
-57.19
-11.5
-26.08
-20.81
-43.94
-28.59
-26.57
-12.18
-44.06
-1.06
-60.68
-26.57
-49.35
-15.79
-18.84
-0.43
-45.56
-30.74
-22.11
-60.67
-23.76
-57.0
-7.63
-29.69
-57.89
-5.19
-55.59
-63.67
-39.18
-29.91
-27.81
-23.45
-45.03
-44.57
-35.41
-29.79
-12.64
-61.68
-44.72
-59.31
-1.82
-12.47
-58.89
-62.49
-29.82
-61.41
-31.57
-44.89
-41.83
-37.22
-19.12
-8.65
-2.89
-52.31
-8.54
-60.3
-7.73
-63.18
-64.49
-62.89
-60.01
-7.85
-30.05
-15.21
-48.9
-5.85
-6.74
-31.5
-4.59
-38.66
-29.44
-16.11
-35.7
-15.41
-8.12
-45.86
-40.37
-25.41
-58.95
-42.34
-30.32
-30.07
-6.94
-47.69
-34.23
-24.53
-12.39
-49.17
-24.58
-41.1
-59.63
-0.19
-31.12
-33.41
-37.22
-15.16
-31.58
-2.16
-49.98
-23.12
-4.66
-23.44
-21.09
-36.75
-30.51
-13.79
-16.06
-54.08
-9.11
-52.96
-16.47
-9.46
-8.79
-52.75
-31.09
-58.76
-59.5
-54.82
-45.06
-41.2
-51.66
-54.31
-58.89
-6.98
-8.41
-54.61
-25.23
-13.25
-9.46
-56.44
-57.09
-47.61
-49.1
-22.22
-30.6
-12.53
-23.17
-54.2
-31.12
-22.24
-35.45
-53.03
-42.12
-12.55
-64.5
-46.41
-33.01
-53.37
-60.47
-21.07
-15.37
-62.42
-57.75
-20.15
-12.11
-41.71
-55.26
-4.29
-33.32
-15.95
-0.47
-59.12
-60.1
-46.44
-15.82
-42.13
-46.92
-26.57
-10.59
-18.41
-59.53
-60.44
-44.23
-45.47
-47.95
-8.32
-28.25
-37.78
-9.02
-18.32
-17.41
-18.18
-59.28
-61.44
-23.21
-51.17
-60.91
-29.88
-18.06
-44.65
-38.94
-6.22
-3.35
-41.88
-14.01
-41.42
-9.32
-12.21
-62.54
-50.48
-2.62
-35.44
-11.83
-64.22
-22.88
-48.42
-0.81
-53.16
-8.27
-60.75
-64.98
-29.45
-35.35
-12.6
-32.68
-53.57
-61.0
-18.3
-34.71
-3.6
-7.93
-14.35
-20.71
-35.94
-17.08
-25.98
