12.7
13.1
11.18
11.58
11.27
12.03
13.57
13.82
10.52
11.99
11.18
12.89
10.52
11.25
11.82
14.96
10.34
10.69
10.14
14.21
13.29
10.35
12.84
11.35
14.12
12.4
14.78
14.15
14.94
12.92
14.49
11.94
14.72
14.49
10.57
14.01
11.24
12.47
13.18
13.12
14.97
11.22
10.6
12.75
11.67
13.93
10.36
10.42
14.19
13.51
14.48
10.02
11.62
10.79
14.01
13.28
13.69
11.56
11.1
10.89
11.52
13.27
13.01
13.72
10.4
13.29
12.76
12.58
14.76
14.53
10.59
10.33
14.8
10.56
13.36
14.72
13.96
12.01
11.37
13.65
12.94
11.16
13.46
11.84
14.06
12.64
12.0
12.1
11.0
12.99
12.23
13.1
10.1
11.62
14.71
12.92
12.27
12.25
10.91
11.27
11.16
10.89
14.99
12.38
11.85
11.8
12.97
11.77
14.92
13.83
14.36
12.19
11.93
10.72
10.18
11.4
13.13
11.01
14.97
12.11
13.52
14.72
14.28
12.8
11.61
11.42
10.61
13.33
13.85
14.98
12.49
13.07
11.46
11.04
10.8
12.16
11.32
12.21
13.12
12.83
10.73
13.43
13.65
14.53
11.46
12.77
11.77
10.03
13.18
13.81
11.29
14.84
10.78
13.54
13.85
11.96
14.35
13.55
10.08
11.68
13.06
14.23
13.55
10.15
14.31
14.85
14.49
11.3
14.39
14.82
14.29
10.08
13.41
10.64
14.5
11.84
11.02
14.66
10.16
14.5
10.21
13.4
10.33
13.36
14.87
11.2
14.56
11.81
14.4
10.09
13.8
12.47
13.06
14.48
10.61
14.74
14.46
10.75
12.81
14.69
13.86
12.9
13.5
11.27
12.86
12.9
14.22
11.59
11.59
14.64
10.36
10.79
13.65
12.56
12.18
14.2
13.79
13.91
11.11
14.33
13.52
11.39
13.24
14.22
11.13
13.17
14.3
11.69
10.99
14.57
13.34
12.3
12.95
14.35
12.3
12.42
11.66
11.27
12.19
11.39
10.0
10.86
13.56
10.47
14.34
11.01
12.37
10.56
12.27
10.79
10.19
11.02
12.1
14.68
11.21
12.8
12.81
13.43
12.29
12.93
10.84
10.79
12.61
11.6
14.12
12.84
13.45
14.25
10.95
14.89
13.45
10.9
10.5
13.74
14.2
14.17